,state,sat_19_participation,sat_19_erw,sat_19_math,sat_19_total,act_19_participation,act_19_composite
0,Alabama,7.0,583,560,1143,100.0,18.9
1,Alaska,41.0,556,541,1097,38.0,20.1
2,Arizona,31.0,569,565,1134,73.0,19.0
3,Arkansas,6.0,582,559,1141,100.0,19.3
4,California,63.0,534,531,1065,23.0,22.6
5,Colorado,100.0,518,506,1024,27.0,23.8
6,Connecticut,100.0,529,516,1046,22.0,25.5
7,Delaware,100.0,499,486,985,13.0,24.1
8,District of Columbia,94.0,495,480,975,32.0,23.5
9,Florida,100.0,516,483,999,54.0,20.1
10,Georgia,71.0,538,519,1058,49.0,21.4
11,Hawaii,54.0,550,550,1100,80.0,19.0
12,Idaho,100.0,505,488,993,31.0,22.5
13,Illinois,100.0,509,504,1013,35.0,24.3
14,Indiana,66.0,543,537,1080,29.0,22.5
15,Iowa,3.0,622,622,1244,66.0,21.6
16,Kansas,4.0,618,623,1241,72.0,21.2
17,Kentucky,4.0,620,612,1232,100.0,19.8
18,Louisiana,5.0,610,591,1200,100.0,18.8
19,Maine,99.0,512,502,1013,6.0,24.3
20,Maryland,82.0,535,523,1058,28.0,22.3
21,Massachusetts,81.0,559,561,1120,21.0,25.5
22,Michigan,100.0,507,496,1003,19.0,24.4
23,Minnesota,4.0,636,648,1284,95.0,21.4
24,Mississippi,3.0,628,608,1237,100.0,18.4
25,Missouri,4.0,622,615,1236,82.0,20.8
26,Montana,9.0,603,596,1199,100.0,19.8
27,Nebraska,3.0,628,631,1260,100.0,20.0
28,Nevada,20.0,580,576,1156,100.0,17.9
29,New Hampshire,95.0,533,526,1059,14.0,25.0
30,New Jersey,82.0,544,545,1090,25.0,24.2
31,New Mexico,18.0,543,530,1073,63.0,19.3
32,New York,79.0,531,533,1064,22.0,24.5
33,North Carolina,51.0,554,546,1100,100.0,19.0
34,North Dakota,2.0,627,636,1263,96.0,19.9
35,Ohio,19.0,550,548,1097,100.0,20.0
36,Oklahoma,22.0,490,472,963,100.0,18.9
37,Oregon,51.0,562,550,1112,42.0,21.1
38,Pennsylvania,70.0,545,537,1082,17.0,23.6
39,Rhode Island,100.0,503,492,995,12.0,24.7
40,South Carolina,68.0,526,504,1030,78.0,18.8
41,South Dakota,3.0,633,635,1268,75.0,21.6
42,Tennessee,7.0,618,602,1220,100.0,19.4
43,Texas,68.0,515,507,1022,39.0,20.5
44,Utah,4.0,614,615,1230,100.0,20.3
45,Vermont,66.0,560,546,1106,20.0,24.1
46,Virginia,68.0,567,551,1119,21.0,24.0
47,Washington,70.0,539,535,1074,24.0,22.1
48,West Virginia,99.0,483,460,943,49.0,20.8
49,Wisconsin,3.0,635,648,1283,100.0,20.3
50,Wyoming,3.0,623,615,1238,100.0,19.8
